50
 0 40 40 0
 1 22 22 18 
 2 36 26 26 
 3 21 45 11 
 4 45 35 30 
 5 55 20 21 
 6 33 34 19 
 7 50 50 15 
 8 55 45 16 
 9 26 59 29 
 10 40 66 26 
 11 55 65 37 
 12 35 51 16 
 13 62 35 12 
 14 62 57 31 
 15 62 24 8 
 16 21 36 19 
 17 33 44 20 
 18 9 56 13 
 19 62 48 15 
 20 66 14 22 
 21 44 13 28 
 22 26 13 12 
 23 11 28 6 
 24 7 43 27 
 25 17 64 14 
 26 41 46 18 
 27 55 34 17 
 28 35 16 29 
 29 52 26 13 
 30 43 26 22 
 31 31 76 25 
 32 22 53 28 
 33 26 29 27 
 34 50 40 19 
 35 55 50 10 
 36 54 10 12 
 37 60 15 14 
 38 47 66 24 
 39 30 60 16 
 40 30 50 33 
 41 12 17 15 
 42 15 14 11 
 43 16 19 18 
 44 21 48 17 
 45 50 30 21 
 46 51 42 27 
 47 50 15 19 
 48 48 21 20 
 49 12 38 5 
 50 15 56 22
6 
20  0 1.0 0 4
30  0 1.1 0 2
40  0 1.2 0 4
70  0 1.7 0 4
120 0 2.5 0 2
200 0 3.2 0 1
